0 0.662555 0.476278 0.044953 0.030889
0 0.678996 0.960542 0.117492 0.078917
0 0.278062 0.989437 0.084406 0.021125
0 0.547441 0.583875 0.074258 0.101222
0 0.189719 0.396403 0.018828 0.022417
0 0.276039 0.591069 0.043969 0.063917
0 0.330586 0.545778 0.046219 0.061000
0 0.237293 0.523646 0.037289 0.051569
0 0.341191 0.493229 0.042820 0.048014
0 0.345562 0.464167 0.040516 0.031917
0 0.444781 0.465396 0.039750 0.040375
0 0.497648 0.485181 0.050953 0.050472
0 0.534863 0.437160 0.041898 0.035736
0 0.472633 0.429389 0.047578 0.045833
0 0.391742 0.444035 0.034687 0.036014
0 0.265141 0.450785 0.045656 0.038625
0 0.241215 0.465938 0.040711 0.043514
0 0.202711 0.479868 0.034656 0.049875
0 0.211648 0.438069 0.039875 0.039611
0 0.313289 0.417868 0.029859 0.031875
0 0.263316 0.410292 0.028586 0.028722
0 0.811191 0.676153 0.085023 0.082917
0 0.682719 0.721694 0.086203 0.128083
0 0.522504 0.693181 0.066523 0.116250
0 0.676910 0.580743 0.062211 0.066819
0 0.929129 0.608486 0.083602 0.075306
0 0.397578 0.657521 0.069687 0.137236
0 0.610254 0.474090 0.050336 0.051625
0 0.447281 0.573403 0.053781 0.065833
0 0.381348 0.420174 0.033555 0.035208
0 0.172227 0.392611 0.015453 0.021778
0 0.285324 0.630410 0.048367 0.071847
0 0.237484 0.400979 0.028766 0.029042
0 0.979398 0.580125 0.041125 0.071694
0 0.936516 0.692208 0.085641 0.076556
0 0.282738 0.782111 0.078508 0.169556
0 0.590891 0.532764 0.048813 0.044972
0 0.886262 0.962799 0.138883 0.074403
