0 0.623305 0.679708 0.078016 0.101861
0 0.990824 0.642319 0.018023 0.057972
0 0.438078 0.582187 0.048578 0.062819
0 0.292566 0.503799 0.040148 0.049764
0 0.552844 0.472118 0.052297 0.055625
0 0.262273 0.898542 0.121719 0.191667
0 0.616543 0.497646 0.051570 0.059653
0 0.736105 0.518403 0.052773 0.050639
0 0.700043 0.537701 0.057023 0.058625
0 0.476270 0.632667 0.059898 0.081889
0 0.842543 0.616993 0.072773 0.071569
0 0.778332 0.648535 0.087617 0.105958
0 0.230391 0.471042 0.034531 0.033472
0 0.328656 0.538875 0.043156 0.064139
0 0.544195 0.583042 0.061609 0.083611
0 0.461781 0.522917 0.055047 0.068500
0 0.378988 0.513778 0.045883 0.062722
0 0.385758 0.484312 0.039969 0.041986
0 0.464332 0.454007 0.036602 0.036931
0 0.516723 0.430493 0.045461 0.040403
0 0.660992 0.468007 0.048734 0.039292
0 0.322551 0.446868 0.042320 0.047847
0 0.408480 0.447257 0.031430 0.032819
0 0.376695 0.442681 0.031781 0.031889
0 0.274547 0.461931 0.036031 0.035694
0 0.236785 0.441771 0.034680 0.031653
0 0.269703 0.436451 0.036375 0.033014
0 0.340371 0.416042 0.031305 0.028056
0 0.298855 0.403188 0.027586 0.026403
0 0.266641 0.414743 0.021719 0.015569
0 0.228293 0.403778 0.024398 0.030417
0 0.175699 0.377875 0.070414 0.074806
0 0.255965 0.400271 0.022805 0.025569
0 0.284492 0.629125 0.061953 0.110639
