0 0.426910 0.438132 0.040836 0.037875
0 0.194391 0.398569 0.015937 0.015889
0 0.240762 0.409674 0.022008 0.021403
0 0.268160 0.408861 0.023383 0.024250
0 0.307605 0.467069 0.040836 0.040556
0 0.275367 0.487111 0.038734 0.042444
0 0.237945 0.532361 0.039422 0.047028
0 0.597195 0.460931 0.035750 0.039444
0 0.478543 0.611792 0.067867 0.092778
0 0.379617 0.620278 0.062687 0.100694
0 0.556133 0.462500 0.055859 0.050833
0 0.635223 0.558653 0.058961 0.054361
0 0.497332 0.481389 0.042758 0.038750
0 0.462691 0.949444 0.114289 0.095083
0 0.326355 0.416861 0.034852 0.035861
0 0.762918 0.409319 0.037430 0.050444
0 0.965617 0.707667 0.064375 0.065278
0 0.686523 0.742688 0.090188 0.116347
0 0.271941 0.832722 0.080508 0.161889
0 0.275813 0.707993 0.062688 0.101264
0 0.608117 0.889674 0.110719 0.182292
0 0.768801 0.568944 0.067367 0.067306
0 0.814422 0.519597 0.059906 0.057917
0 0.772852 0.652861 0.078312 0.090583
0 0.398414 0.447764 0.036047 0.031250
