0 0.292254 0.506646 0.039008 0.062097
0 0.328020 0.541375 0.038570 0.062972
0 0.508844 0.566375 0.054641 0.063167
0 0.897281 0.460250 0.070922 0.064389
0 0.301063 0.596229 0.042797 0.074347
0 0.544289 0.733528 0.073797 0.110306
0 0.748547 0.577972 0.070609 0.064361
0 0.737738 0.492535 0.051555 0.051847
0 0.293238 0.778486 0.072430 0.150000
0 0.734254 0.798208 0.116305 0.180250
0 0.198258 0.389799 0.028953 0.036208
0 0.213680 0.402375 0.020078 0.026889
0 0.259848 0.407167 0.032258 0.031417
0 0.403598 0.416319 0.037789 0.033389
0 0.290504 0.437500 0.036930 0.033778
0 0.261293 0.470819 0.035336 0.069472
0 0.373211 0.476104 0.041906 0.040403
0 0.432789 0.509729 0.050609 0.065986
0 0.431078 0.570569 0.034234 0.067194
0 0.390520 0.632722 0.090945 0.192444
0 0.333816 0.486021 0.042555 0.046042
0 0.322051 0.417250 0.041477 0.034167
0 0.913605 0.577306 0.082945 0.086500
0 0.251699 0.551090 0.041086 0.049458
