0 0.920125 0.651618 0.100234 0.102764
0 0.766156 0.642278 0.077375 0.085111
0 0.498109 0.628722 0.066484 0.102194
0 0.657918 0.699174 0.088586 0.113542
0 0.543516 0.464583 0.046563 0.043056
0 0.647020 0.567250 0.059039 0.050611
0 0.467348 0.449792 0.040352 0.037639
0 0.544266 0.505799 0.046188 0.042708
0 0.418320 0.431146 0.040234 0.035625
0 0.218945 0.920000 0.146172 0.160000
0 0.345055 0.421458 0.039641 0.025417
0 0.878969 0.931986 0.159094 0.136028
0 0.530730 0.582924 0.053508 0.068403
0 0.703758 0.503931 0.056391 0.053250
0 0.664754 0.964785 0.116523 0.070431
0 0.466402 0.420458 0.036398 0.027472
0 0.375426 0.517785 0.046117 0.051986
0 0.379828 0.477007 0.042078 0.044792
0 0.331809 0.481653 0.041602 0.043944
0 0.256625 0.479681 0.036219 0.043250
0 0.250684 0.446028 0.035414 0.031833
0 0.345906 0.405521 0.038000 0.027153
0 0.297172 0.418785 0.034969 0.032819
0 0.262430 0.415750 0.025922 0.023667
0 0.238723 0.403444 0.018289 0.024944
0 0.218574 0.407069 0.022727 0.028417
0 0.189008 0.391757 0.015797 0.018625
0 0.174980 0.399493 0.015445 0.021458
0 0.597602 0.826569 0.094047 0.139778
0 0.308668 0.521285 0.039961 0.057486
0 0.369398 0.587653 0.046719 0.076750
0 0.401004 0.677424 0.060992 0.114903
0 0.443539 0.502944 0.049437 0.066778
0 0.628617 0.510549 0.052250 0.047597
