0 0.332496 0.536979 0.043039 0.062375
0 0.301055 0.650069 0.051656 0.093056
0 0.424316 0.566549 0.052336 0.080403
0 0.574508 0.521743 0.041828 0.044875
0 0.258074 0.550069 0.040258 0.064861
0 0.653258 0.440694 0.127078 0.099167
0 0.632230 0.878542 0.137258 0.181833
0 0.476496 0.969479 0.118773 0.061042
0 0.261707 0.944257 0.136602 0.111486
0 0.375129 0.510354 0.048055 0.051486
0 0.320555 0.478674 0.042641 0.041292
0 0.275367 0.491403 0.040734 0.044139
0 0.505770 0.427812 0.106539 0.096597
0 0.388484 0.429236 0.033203 0.031250
0 0.955594 0.604542 0.060469 0.071000
0 0.565293 0.478840 0.051898 0.052153
0 0.682031 0.497563 0.052500 0.052875
0 0.800590 0.506889 0.063258 0.047667
0 0.342852 0.430493 0.028234 0.034403
0 0.364063 0.412660 0.024844 0.027792
0 0.303254 0.422764 0.025742 0.025250
0 0.778430 0.655236 0.084578 0.071583
0 0.283012 0.404132 0.028945 0.029042
0 0.249008 0.401139 0.029125 0.026833
0 0.219539 0.394132 0.021781 0.025569
0 0.821996 0.559021 0.068773 0.055764
0 0.709703 0.551840 0.060687 0.062014
