0 0.482926 0.469382 0.041492 0.034597
0 0.584570 0.523118 0.050234 0.045514
0 0.454859 0.590042 0.060031 0.076028
0 0.785410 0.561993 0.099039 0.095264
0 0.850078 0.562396 0.061766 0.079153
0 0.718422 0.604090 0.064609 0.080347
0 0.528711 0.726479 0.068359 0.103097
0 0.306184 0.413299 0.020102 0.019597
0 0.613719 0.476444 0.036594 0.034639
0 0.575605 0.480167 0.052039 0.051056
0 0.386320 0.626479 0.060344 0.094069
0 0.276934 0.604681 0.046836 0.076667
0 0.780293 0.423326 0.036820 0.043847
0 0.179406 0.390049 0.031156 0.026736
0 0.211785 0.400549 0.027164 0.022097
0 0.249309 0.398500 0.027008 0.021278
0 0.373660 0.442167 0.036477 0.033000
0 0.408613 0.436271 0.033695 0.033014
0 0.265695 0.481542 0.045813 0.049556
0 0.346227 0.492590 0.044922 0.055236
0 0.454000 0.519132 0.051125 0.058181
0 0.258156 0.553118 0.041812 0.058681
0 0.815477 0.926368 0.163656 0.147264
0 0.433102 0.934847 0.143109 0.130306
0 0.486055 0.435417 0.024766 0.030000
