0 0.499820 0.556868 0.065250 0.073042
0 0.722699 0.548438 0.064523 0.070153
0 0.595125 0.528715 0.048922 0.060597
0 0.839027 0.618604 0.091758 0.080875
0 0.491508 0.462472 0.038531 0.040222
0 0.626020 0.499549 0.052102 0.053181
0 0.447813 0.457743 0.046500 0.048264
0 0.440617 0.581764 0.052109 0.067083
0 0.341262 0.543014 0.043305 0.067778
0 0.249844 0.520347 0.046719 0.080972
0 0.532348 0.680549 0.070008 0.116958
0 0.352090 0.471389 0.046133 0.069444
0 0.290039 0.598681 0.081641 0.169306
0 0.968562 0.721042 0.062875 0.117611
0 0.834242 0.553813 0.083922 0.076486
0 0.515035 0.439986 0.051586 0.047333
0 0.431176 0.425431 0.035539 0.034694
0 0.364609 0.436569 0.038828 0.036528
0 0.383816 0.426347 0.019727 0.029222
0 0.326914 0.420132 0.030391 0.028486
0 0.254992 0.456063 0.032141 0.032819
0 0.287043 0.403847 0.026992 0.024306
0 0.243449 0.432264 0.039602 0.031250
0 0.175086 0.392069 0.021547 0.021611
0 0.201395 0.401243 0.020977 0.022014
0 0.215266 0.399715 0.016625 0.019764
