0 0.566887 0.447799 0.045102 0.037153
0 0.344695 0.491799 0.041359 0.048597
0 0.295488 0.465389 0.043742 0.047333
0 0.252219 0.403278 0.028781 0.029944
0 0.232652 0.397861 0.017773 0.024750
0 0.190199 0.395993 0.022727 0.022403
0 0.423809 0.421687 0.037070 0.034153
0 0.340457 0.421069 0.031586 0.039028
0 0.382117 0.624201 0.050766 0.077236
0 0.239656 0.521167 0.040266 0.063167
0 0.307414 0.529340 0.047016 0.072653
0 0.985582 0.636264 0.028383 0.087583
0 0.830715 0.612056 0.071617 0.062139
0 0.632387 0.561507 0.052117 0.050625
0 0.507133 0.464465 0.040359 0.037986
0 0.273965 0.839493 0.085648 0.135764
0 0.853082 0.942514 0.107055 0.108250
0 0.859648 0.700757 0.103828 0.087931
0 0.663945 0.519368 0.052109 0.050125
0 0.434160 0.897153 0.108930 0.204806
0 0.598656 0.642271 0.076687 0.090875
0 0.563035 0.489090 0.044008 0.047375
