0 0.663031 0.492701 0.050281 0.039597
0 0.221164 0.398118 0.025297 0.025431
0 0.866848 0.720812 0.096039 0.097514
0 0.223363 0.425993 0.038508 0.030319
0 0.349316 0.433465 0.038711 0.034097
0 0.507457 0.443021 0.122445 0.137375
0 0.438016 0.439368 0.035344 0.040208
0 0.429648 0.502014 0.047422 0.053472
0 0.730000 0.622299 0.066719 0.072653
0 0.772289 0.541333 0.058641 0.048500
0 0.743273 0.559569 0.059203 0.054778
0 0.393367 0.691528 0.064859 0.093444
0 0.654379 0.519542 0.049836 0.037139
0 0.369336 0.510062 0.049266 0.059208
0 0.455125 0.955382 0.125203 0.089236
0 0.560852 0.510090 0.048672 0.048569
0 0.289469 0.501903 0.037484 0.041806
0 0.227262 0.470313 0.069102 0.060264
0 0.240484 0.466326 0.041906 0.049708
0 0.502387 0.554028 0.049195 0.056472
0 0.267316 0.539250 0.040164 0.069194
0 0.620637 0.550562 0.052273 0.055542
