0 0.683195 0.960556 0.146594 0.078889
0 0.409402 0.675194 0.059086 0.113833
0 0.284801 0.690958 0.060633 0.132806
0 0.370891 0.410451 0.033281 0.032542
0 0.312055 0.403687 0.024953 0.030014
0 0.229570 0.450389 0.039219 0.035500
0 0.240313 0.409389 0.034844 0.026194
0 0.265461 0.396924 0.021156 0.022403
0 0.227184 0.377944 0.023633 0.027028
0 0.715336 0.513646 0.055375 0.059792
0 0.456187 0.604014 0.051344 0.077194
0 0.774734 0.870417 0.118641 0.148306
0 0.576258 0.483083 0.050875 0.052889
0 0.700340 0.598917 0.066695 0.071306
0 0.267227 0.587076 0.047422 0.076542
0 0.521508 0.653722 0.071312 0.110250
0 0.850840 0.694007 0.089523 0.083181
0 0.248988 0.915243 0.102805 0.169514
0 0.362539 0.437639 0.030391 0.028333
0 0.316250 0.424104 0.023125 0.023486
0 0.493125 0.551542 0.054734 0.063361
0 0.421844 0.541646 0.059828 0.080903
0 0.596871 0.466396 0.034367 0.043569
0 0.444422 0.462722 0.037391 0.037611
0 0.486645 0.436243 0.034727 0.040903
0 0.459965 0.450444 0.030867 0.040722
0 0.236945 0.521708 0.039766 0.054333
0 0.263820 0.483743 0.039031 0.042542
0 0.877773 0.643569 0.082687 0.075472
0 0.340656 0.542938 0.051359 0.061986
