0 0.390652 0.430764 0.033023 0.027083
0 0.323359 0.526826 0.047531 0.068931
0 0.486477 0.457215 0.032953 0.024181
0 0.458750 0.467375 0.038125 0.043306
0 0.348762 0.436694 0.031586 0.022556
0 0.825617 0.553174 0.072453 0.071042
0 0.765852 0.602361 0.068687 0.075500
0 0.559059 0.775174 0.082117 0.124764
0 0.835090 0.689382 0.090305 0.084542
0 0.555629 0.460847 0.035242 0.038972
0 0.282715 0.652715 0.056102 0.099875
0 0.502848 0.649896 0.069930 0.107847
0 0.245195 0.468882 0.037844 0.045958
0 0.203977 0.395403 0.037141 0.027583
0 0.309504 0.402458 0.018023 0.017583
0 0.273320 0.407486 0.026641 0.025417
0 0.322793 0.419035 0.030383 0.031792
0 0.315383 0.476382 0.044172 0.040903
0 0.385977 0.485111 0.047047 0.047472
0 0.262211 0.545083 0.041297 0.060639
0 0.621379 0.453264 0.047461 0.032139
0 0.634422 0.477187 0.044375 0.042736
0 0.614676 0.502792 0.050445 0.049750
0 0.969160 0.719014 0.061680 0.099361
0 0.432812 0.946472 0.133953 0.105583
0 0.222973 0.931590 0.123398 0.136819
